h n1 d n2 e err
970.000000 7.000000 0.146714 33.000000 3.000000 0.148700
966.000000 8.000000 0.075543 9.000000 3.000000 0.148850
983.000000 11.000000 0.131248 28.000000 4.000000 0.149500
966.000000 7.000000 0.076868 18.000000 4.000000 0.149750
973.000000 8.000000 0.113436 22.000000 3.000000 0.149800
970.000000 7.000000 0.100485 20.000000 6.000000 0.149800
990.000000 7.000000 0.181548 29.000000 3.000000 0.149950
980.000000 6.000000 0.099460 34.000000 3.000000 0.150000
981.000000 11.000000 0.177531 39.000000 4.000000 0.150200
979.000000 4.000000 0.200477 11.000000 4.000000 0.150200
977.000000 9.000000 0.114253 34.000000 4.000000 0.150250
987.000000 7.000000 0.099510 21.000000 4.000000 0.150250
986.000000 4.000000 0.239104 4.000000 5.000000 0.150300
969.000000 9.000000 0.110872 16.000000 5.000000 0.150350
984.000000 8.000000 0.136220 38.000000 6.000000 0.150350
984.000000 3.000000 0.080652 43.000000 4.000000 0.150400
978.000000 4.000000 0.143384 22.000000 4.000000 0.150450
952.000000 5.000000 0.172204 15.000000 5.000000 0.150550
976.000000 6.000000 0.144227 26.000000 7.000000 0.150550
958.000000 6.000000 0.064865 8.000000 5.000000 0.150600
977.000000 8.000000 0.211288 27.000000 4.000000 0.150600
959.000000 3.000000 0.048490 29.000000 5.000000 0.150650
935.000000 3.000000 0.000657 20.000000 6.000000 0.150700
981.000000 4.000000 0.165425 19.000000 5.000000 0.150750
955.000000 5.000000 0.060901 19.000000 6.000000 0.150800
950.000000 5.000000 0.110891 19.000000 5.000000 0.150800
948.000000 8.000000 0.078258 17.000000 5.000000 0.150850
980.000000 5.000000 0.166983 36.000000 7.000000 0.150850
975.000000 7.000000 0.092103 27.000000 5.000000 0.150850
950.000000 7.000000 0.095996 29.000000 4.000000 0.150950
982.000000 5.000000 0.129042 32.000000 5.000000 0.150950
970.000000 4.000000 0.092903 26.000000 5.000000 0.151000
972.000000 4.000000 0.088447 31.000000 7.000000 0.151000
961.000000 5.000000 0.127069 24.000000 6.000000 0.151050
994.000000 9.000000 0.153268 41.000000 2.000000 0.151100
987.000000 3.000000 0.091341 41.000000 4.000000 0.151150
983.000000 10.000000 0.142474 32.000000 3.000000 0.151150
962.000000 8.000000 0.113860 31.000000 6.000000 0.151250
977.000000 7.000000 0.165361 26.000000 5.000000 0.151250
963.000000 7.000000 0.142580 15.000000 4.000000 0.151350
962.000000 8.000000 0.042161 10.000000 7.000000 0.151350
979.000000 5.000000 0.180067 6.000000 6.000000 0.151500
968.000000 5.000000 0.112525 14.000000 5.000000 0.151500
984.000000 7.000000 0.147449 35.000000 4.000000 0.151500
979.000000 6.000000 0.170255 18.000000 4.000000 0.151600
974.000000 2.000000 0.117122 18.000000 6.000000 0.151600
964.000000 8.000000 0.090945 5.000000 5.000000 0.151600
957.000000 9.000000 0.143106 27.000000 4.000000 0.151600
973.000000 2.000000 0.099249 16.000000 7.000000 0.151700
946.000000 8.000000 0.105150 17.000000 4.000000 0.151700
967.000000 5.000000 0.094839 32.000000 4.000000 0.151750
955.000000 5.000000 0.060232 26.000000 5.000000 0.151750
969.000000 6.000000 0.116884 27.000000 4.000000 0.151750
966.000000 7.000000 0.119416 16.000000 6.000000 0.151800
972.000000 6.000000 0.167979 9.000000 5.000000 0.151850
940.000000 4.000000 0.036627 19.000000 5.000000 0.151850
987.000000 3.000000 0.252065 6.000000 4.000000 0.151850
986.000000 8.000000 0.126693 42.000000 4.000000 0.151900
981.000000 7.000000 0.135057 45.000000 3.000000 0.151900
982.000000 6.000000 0.136153 17.000000 4.000000 0.151900
944.000000 8.000000 0.177410 16.000000 3.000000 0.152000
946.000000 5.000000 0.111196 17.000000 4.000000 0.152000
965.000000 4.000000 0.128795 12.000000 5.000000 0.152000
929.000000 7.000000 0.101675 23.000000 5.000000 0.152050
976.000000 3.000000 0.107824 22.000000 5.000000 0.152100
986.000000 7.000000 0.124607 36.000000 3.000000 0.152150
907.000000 8.000000 0.088970 20.000000 4.000000 0.152150
984.000000 6.000000 0.103306 47.000000 6.000000 0.152150
975.000000 6.000000 0.132405 30.000000 6.000000 0.152150
980.000000 4.000000 0.118760 36.000000 5.000000 0.152200
975.000000 6.000000 0.275122 12.000000 4.000000 0.152200
977.000000 4.000000 0.114800 45.000000 8.000000 0.152250
967.000000 3.000000 0.095455 24.000000 5.000000 0.152250
968.000000 7.000000 0.298370 16.000000 4.000000 0.152300
984.000000 6.000000 0.123008 35.000000 3.000000 0.152350
980.000000 5.000000 0.168661 23.000000 6.000000 0.152350
966.000000 8.000000 0.100153 23.000000 3.000000 0.152400
964.000000 6.000000 0.131144 24.000000 5.000000 0.152400
961.000000 6.000000 0.057514 25.000000 6.000000 0.152450
959.000000 7.000000 0.201515 23.000000 4.000000 0.152450
967.000000 8.000000 0.082541 19.000000 5.000000 0.152450
944.000000 4.000000 0.032101 19.000000 7.000000 0.152500
991.000000 4.000000 0.136343 52.000000 10.000000 0.152500
968.000000 6.000000 0.260535 13.000000 3.000000 0.152550
980.000000 7.000000 0.163407 32.000000 5.000000 0.152550
968.000000 6.000000 0.165173 9.000000 5.000000 0.152550
969.000000 7.000000 0.095004 18.000000 7.000000 0.152600
972.000000 6.000000 0.223515 24.000000 5.000000 0.152600
979.000000 7.000000 0.077902 43.000000 7.000000 0.152600
960.000000 7.000000 0.224292 18.000000 4.000000 0.152600
967.000000 4.000000 0.091472 25.000000 5.000000 0.152600
978.000000 6.000000 0.058097 36.000000 9.000000 0.152650
983.000000 5.000000 0.115765 19.000000 4.000000 0.152650
986.000000 4.000000 0.183122 30.000000 7.000000 0.152650
970.000000 5.000000 0.156232 9.000000 5.000000 0.152650
976.000000 6.000000 0.153456 15.000000 6.000000 0.152650
983.000000 9.000000 0.152269 37.000000 2.000000 0.152700
980.000000 6.000000 0.139291 29.000000 6.000000 0.152700
955.000000 3.000000 0.071077 19.000000 6.000000 0.152700
945.000000 6.000000 0.095559 18.000000 5.000000 0.152700
976.000000 4.000000 0.097817 16.000000 6.000000 0.152750
979.000000 5.000000 0.252934 8.000000 3.000000 0.152750
971.000000 5.000000 0.151614 9.000000 5.000000 0.152750
972.000000 6.000000 0.025814 47.000000 8.000000 0.152800
969.000000 5.000000 0.080526 42.000000 6.000000 0.152800
967.000000 8.000000 0.072612 13.000000 5.000000 0.152850
983.000000 3.000000 0.267555 6.000000 6.000000 0.152850
976.000000 5.000000 0.133728 19.000000 6.000000 0.152850
984.000000 5.000000 0.157147 34.000000 7.000000 0.152900
961.000000 5.000000 0.068542 25.000000 5.000000 0.152900
959.000000 5.000000 0.124808 27.000000 7.000000 0.152950
926.000000 5.000000 0.009722 20.000000 8.000000 0.152950
976.000000 4.000000 0.136817 27.000000 6.000000 0.153000
990.000000 5.000000 0.120071 49.000000 4.000000 0.153000
975.000000 3.000000 0.088399 33.000000 5.000000 0.153000
961.000000 6.000000 0.129247 25.000000 5.000000 0.153000
977.000000 4.000000 0.031029 51.000000 8.000000 0.153050
999.000000 5.000000 0.167625 9.000000 5.000000 0.153050
934.000000 6.000000 0.105299 19.000000 5.000000 0.153050
984.000000 7.000000 0.155061 34.000000 6.000000 0.153050
936.000000 7.000000 0.129437 22.000000 4.000000 0.153050
999.000000 4.000000 0.166397 13.000000 3.000000 0.153100
852.000000 10.000000 0.064095 10.000000 3.000000 0.153100
983.000000 5.000000 0.124809 37.000000 5.000000 0.153150
967.000000 7.000000 0.031123 13.000000 9.000000 0.153150
867.000000 5.000000 0.113019 9.000000 8.000000 0.153150
959.000000 6.000000 0.094967 21.000000 5.000000 0.153200
996.000000 3.000000 0.122729 18.000000 5.000000 0.153200
963.000000 7.000000 0.088218 20.000000 4.000000 0.153250
949.000000 6.000000 0.107513 19.000000 5.000000 0.153250
994.000000 5.000000 0.188733 9.000000 3.000000 0.153250
942.000000 7.000000 0.080641 31.000000 5.000000 0.153250
928.000000 7.000000 0.105373 22.000000 5.000000 0.153250
949.000000 6.000000 0.064894 29.000000 6.000000 0.153300
927.000000 7.000000 0.084653 21.000000 5.000000 0.153300
947.000000 8.000000 0.105377 15.000000 5.000000 0.153300
969.000000 5.000000 0.077464 14.000000 7.000000 0.153300
983.000000 7.000000 0.089692 29.000000 6.000000 0.153350
979.000000 7.000000 0.100392 42.000000 3.000000 0.153400
946.000000 6.000000 0.100277 31.000000 4.000000 0.153400
855.000000 8.000000 0.081881 14.000000 4.000000 0.153450
958.000000 3.000000 0.074544 17.000000 6.000000 0.153450
995.000000 4.000000 0.228465 4.000000 6.000000 0.153500
994.000000 3.000000 0.170289 14.000000 4.000000 0.153550
973.000000 1.000000 0.037530 40.000000 6.000000 0.153600
983.000000 6.000000 0.099330 30.000000 6.000000 0.153600
944.000000 8.000000 0.074493 15.000000 6.000000 0.153600
993.000000 2.000000 0.129560 47.000000 8.000000 0.153650
995.000000 4.000000 0.091164 48.000000 5.000000 0.153650
958.000000 4.000000 0.090010 16.000000 5.000000 0.153650
968.000000 4.000000 0.125721 14.000000 5.000000 0.153650
844.000000 8.000000 0.062543 8.000000 5.000000 0.153700
960.000000 7.000000 0.216636 17.000000 4.000000 0.153700
957.000000 5.000000 0.090569 24.000000 5.000000 0.153700
976.000000 5.000000 0.247840 11.000000 3.000000 0.153750
939.000000 7.000000 0.076672 26.000000 6.000000 0.153750
848.000000 9.000000 0.084710 9.000000 5.000000 0.153800
980.000000 5.000000 0.150817 24.000000 6.000000 0.153800
961.000000 7.000000 0.126982 27.000000 5.000000 0.153800
956.000000 5.000000 0.060166 29.000000 6.000000 0.153850
977.000000 4.000000 0.148381 23.000000 7.000000 0.153900
983.000000 11.000000 0.171931 40.000000 2.000000 0.153900
983.000000 2.000000 0.117331 18.000000 7.000000 0.153950
985.000000 2.000000 0.062807 35.000000 6.000000 0.153950
973.000000 6.000000 0.072789 10.000000 4.000000 0.153950
975.000000 3.000000 0.097850 29.000000 5.000000 0.154000
956.000000 4.000000 0.095155 17.000000 5.000000 0.154000
956.000000 6.000000 0.067472 12.000000 8.000000 0.154050
934.000000 4.000000 0.012282 18.000000 5.000000 0.154050
927.000000 7.000000 0.077112 23.000000 5.000000 0.154050
970.000000 3.000000 0.103750 26.000000 5.000000 0.154150
973.000000 6.000000 0.181466 29.000000 6.000000 0.154150
983.000000 6.000000 0.102865 31.000000 6.000000 0.154200
987.000000 4.000000 0.086440 37.000000 8.000000 0.154200
976.000000 5.000000 0.095531 40.000000 5.000000 0.154200
977.000000 5.000000 0.219330 5.000000 3.000000 0.154250
976.000000 2.000000 0.067072 42.000000 5.000000 0.154250
930.000000 7.000000 0.125082 18.000000 4.000000 0.154250
960.000000 3.000000 0.045192 30.000000 5.000000 0.154300
959.000000 3.000000 0.058291 24.000000 6.000000 0.154300
970.000000 9.000000 0.096951 19.000000 5.000000 0.154300
975.000000 5.000000 0.094128 14.000000 5.000000 0.154350
950.000000 8.000000 0.092406 18.000000 5.000000 0.154350
966.000000 7.000000 0.078787 18.000000 6.000000 0.154350
927.000000 2.000000 0.019729 39.000000 6.000000 0.154400
984.000000 6.000000 0.103181 52.000000 5.000000 0.154400
929.000000 7.000000 0.122739 17.000000 4.000000 0.154450
867.000000 4.000000 0.014272 4.000000 10.000000 0.154500
963.000000 6.000000 0.008260 48.000000 6.000000 0.154500
966.000000 3.000000 0.330442 8.000000 3.000000 0.154550
999.000000 4.000000 0.034711 36.000000 14.000000 0.154650
846.000000 5.000000 0.101753 7.000000 4.000000 0.154650
971.000000 6.000000 0.074388 25.000000 7.000000 0.154650
971.000000 5.000000 0.082517 23.000000 6.000000 0.154650
844.000000 4.000000 0.154909 5.000000 4.000000 0.154700
972.000000 3.000000 0.173112 25.000000 5.000000 0.154750
933.000000 3.000000 0.061939 21.000000 6.000000 0.154750
978.000000 5.000000 0.168078 25.000000 6.000000 0.154750
929.000000 8.000000 0.054241 31.000000 6.000000 0.154800
985.000000 4.000000 0.112379 34.000000 5.000000 0.154800
956.000000 4.000000 0.063849 22.000000 6.000000 0.154900
969.000000 5.000000 0.047758 48.000000 8.000000 0.154900
834.000000 7.000000 0.049399 59.000000 4.000000 0.154950
959.000000 7.000000 0.105525 22.000000 5.000000 0.154950
850.000000 11.000000 0.110515 13.000000 6.000000 0.155000
942.000000 7.000000 0.083780 26.000000 4.000000 0.155050
970.000000 5.000000 0.144735 35.000000 7.000000 0.155100
956.000000 3.000000 0.074605 20.000000 6.000000 0.155100
967.000000 5.000000 0.278396 19.000000 3.000000 0.155200
962.000000 5.000000 0.060666 18.000000 7.000000 0.155200
927.000000 7.000000 0.008158 22.000000 9.000000 0.155200
991.000000 3.000000 0.190525 6.000000 3.000000 0.155250
953.000000 6.000000 0.011199 24.000000 8.000000 0.155250
969.000000 4.000000 0.100708 29.000000 7.000000 0.155300
963.000000 4.000000 0.088077 27.000000 7.000000 0.155300
859.000000 7.000000 0.119073 5.000000 4.000000 0.155350
964.000000 2.000000 0.096820 46.000000 8.000000 0.155350
946.000000 6.000000 0.060694 16.000000 7.000000 0.155350
983.000000 2.000000 0.112766 20.000000 8.000000 0.155350
941.000000 4.000000 0.016314 17.000000 7.000000 0.155350
873.000000 4.000000 0.244122 6.000000 8.000000 0.155550
958.000000 4.000000 0.106876 13.000000 6.000000 0.155600
828.000000 7.000000 0.142825 55.000000 3.000000 0.155650
938.000000 3.000000 0.021244 22.000000 7.000000 0.155650
986.000000 1.000000 0.065939 31.000000 7.000000 0.155650
834.000000 3.000000 0.164995 4.000000 5.000000 0.155700
973.000000 3.000000 0.107691 28.000000 6.000000 0.155750
974.000000 5.000000 0.162350 22.000000 6.000000 0.155750
875.000000 4.000000 0.032889 5.000000 9.000000 0.155800
925.000000 6.000000 0.242178 25.000000 13.000000 0.155850
980.000000 5.000000 0.004533 47.000000 6.000000 0.155850
954.000000 3.000000 0.058588 21.000000 6.000000 0.155950
983.000000 4.000000 0.109978 52.000000 9.000000 0.155950
943.000000 5.000000 0.023932 18.000000 9.000000 0.156000
976.000000 3.000000 0.068419 40.000000 6.000000 0.156000
992.000000 3.000000 0.290008 4.000000 6.000000 0.156000
842.000000 5.000000 0.154341 3.000000 4.000000 0.156050
934.000000 4.000000 0.221675 27.000000 11.000000 0.156100
976.000000 4.000000 0.033888 32.000000 6.000000 0.156150
966.000000 1.000000 0.065187 42.000000 6.000000 0.156150
873.000000 6.000000 0.041332 4.000000 11.000000 0.156200
974.000000 4.000000 0.107394 47.000000 10.000000 0.156250
958.000000 10.000000 0.056370 5.000000 8.000000 0.156250
980.000000 6.000000 0.167045 35.000000 7.000000 0.156250
969.000000 5.000000 0.189066 14.000000 5.000000 0.156250
875.000000 3.000000 0.135761 7.000000 9.000000 0.156350
864.000000 6.000000 0.240518 3.000000 8.000000 0.156350
864.000000 6.000000 0.114663 6.000000 9.000000 0.156400
862.000000 5.000000 0.051411 4.000000 10.000000 0.156400
985.000000 3.000000 0.103844 39.000000 7.000000 0.156450
982.000000 3.000000 0.271064 5.000000 4.000000 0.156450
971.000000 4.000000 0.083172 31.000000 6.000000 0.156450
853.000000 5.000000 0.220875 28.000000 5.000000 0.156550
857.000000 4.000000 0.188260 4.000000 3.000000 0.156550
826.000000 8.000000 0.034319 59.000000 4.000000 0.156550
958.000000 7.000000 0.270111 17.000000 15.000000 0.156650
952.000000 5.000000 0.093059 30.000000 6.000000 0.156650
927.000000 2.000000 0.072896 42.000000 9.000000 0.156700
902.000000 5.000000 0.090447 5.000000 11.000000 0.156700
980.000000 2.000000 0.035421 37.000000 16.000000 0.156700
833.000000 7.000000 0.072783 62.000000 5.000000 0.156750
873.000000 3.000000 0.214945 12.000000 6.000000 0.156800
963.000000 5.000000 0.135074 28.000000 6.000000 0.156800
971.000000 5.000000 0.207232 41.000000 14.000000 0.156850
983.000000 2.000000 0.089862 40.000000 2.000000 0.156850
975.000000 3.000000 0.092397 49.000000 7.000000 0.156950
987.000000 6.000000 0.121182 45.000000 12.000000 0.157000
971.000000 3.000000 0.305213 7.000000 6.000000 0.157050
962.000000 6.000000 0.077313 6.000000 7.000000 0.157050
839.000000 4.000000 0.089494 6.000000 6.000000 0.157100
963.000000 5.000000 0.054807 16.000000 9.000000 0.157150
973.000000 2.000000 0.246500 2.000000 7.000000 0.157150
959.000000 5.000000 0.137625 28.000000 6.000000 0.157150
843.000000 8.000000 0.033418 13.000000 3.000000 0.157200
873.000000 4.000000 0.201141 8.000000 10.000000 0.157200
892.000000 6.000000 0.109383 4.000000 10.000000 0.157250
927.000000 3.000000 0.220727 51.000000 9.000000 0.157300
977.000000 2.000000 0.302766 7.000000 5.000000 0.157350
865.000000 4.000000 0.115701 4.000000 7.000000 0.157400
917.000000 4.000000 0.225928 50.000000 7.000000 0.157550
939.000000 2.000000 0.141704 23.000000 11.000000 0.157550
926.000000 1.000000 0.072481 21.000000 11.000000 0.157550
940.000000 6.000000 0.235033 24.000000 10.000000 0.157550
957.000000 3.000000 0.084586 41.000000 7.000000 0.157550
912.000000 3.000000 0.019729 40.000000 7.000000 0.157600
814.000000 6.000000 0.227465 47.000000 5.000000 0.157600
828.000000 3.000000 0.170778 7.000000 5.000000 0.157700
1000.000000 4.000000 0.047826 35.000000 12.000000 0.157750
862.000000 7.000000 0.140371 1.000000 8.000000 0.157800
964.000000 1.000000 0.020425 38.000000 7.000000 0.157800
856.000000 6.000000 0.184009 28.000000 6.000000 0.157850
802.000000 2.000000 0.023324 25.000000 5.000000 0.157900
869.000000 3.000000 0.164498 14.000000 7.000000 0.157950
962.000000 4.000000 0.276542 37.000000 12.000000 0.158050
983.000000 5.000000 0.182982 33.000000 7.000000 0.158050
821.000000 5.000000 0.190744 43.000000 3.000000 0.158100
976.000000 2.000000 0.082289 45.000000 7.000000 0.158100
989.000000 1.000000 0.037485 32.000000 5.000000 0.158100
947.000000 5.000000 0.041058 13.000000 9.000000 0.158100
864.000000 4.000000 0.188939 10.000000 9.000000 0.158150
800.000000 4.000000 0.034236 28.000000 4.000000 0.158300
980.000000 7.000000 0.298034 41.000000 13.000000 0.158300
963.000000 7.000000 0.338713 43.000000 14.000000 0.158300
872.000000 2.000000 0.203111 11.000000 6.000000 0.158450
930.000000 2.000000 0.131819 23.000000 10.000000 0.158500
954.000000 6.000000 0.026878 49.000000 11.000000 0.158500
916.000000 2.000000 0.169422 26.000000 12.000000 0.158550
972.000000 1.000000 0.015667 37.000000 4.000000 0.158600
866.000000 5.000000 0.138468 4.000000 9.000000 0.158650
959.000000 1.000000 0.048128 10.000000 4.000000 0.158700
825.000000 6.000000 0.168454 51.000000 4.000000 0.158750
994.000000 4.000000 0.039393 32.000000 14.000000 0.158900
865.000000 3.000000 0.254875 11.000000 8.000000 0.158900
977.000000 2.000000 0.286756 4.000000 7.000000 0.158900
787.000000 2.000000 0.044799 27.000000 3.000000 0.158950
827.000000 2.000000 0.030527 7.000000 10.000000 0.159000
980.000000 2.000000 0.198566 42.000000 7.000000 0.159000
924.000000 1.000000 0.091779 38.000000 7.000000 0.159050
926.000000 1.000000 0.023777 22.000000 4.000000 0.159050
865.000000 3.000000 0.033957 3.000000 8.000000 0.159150
991.000000 4.000000 0.129073 48.000000 9.000000 0.159150
749.000000 7.000000 0.174439 15.000000 7.000000 0.159200
902.000000 6.000000 0.142867 3.000000 10.000000 0.159300
882.000000 2.000000 0.180294 8.000000 8.000000 0.159350
1000.000000 2.000000 0.200021 51.000000 8.000000 0.159450
907.000000 2.000000 0.150920 26.000000 9.000000 0.159700
957.000000 1.000000 0.095459 49.000000 9.000000 0.159850
754.000000 6.000000 0.126725 18.000000 6.000000 0.160300
859.000000 4.000000 0.217581 5.000000 5.000000 0.160300
853.000000 2.000000 0.189494 6.000000 6.000000 0.160350
852.000000 5.000000 0.031697 32.000000 14.000000 0.160400
924.000000 4.000000 0.218209 25.000000 9.000000 0.160650
808.000000 6.000000 0.141139 50.000000 6.000000 0.160800
974.000000 2.000000 0.317058 4.000000 6.000000 0.160950
975.000000 4.000000 0.174489 23.000000 2.000000 0.160950
812.000000 3.000000 0.245206 18.000000 14.000000 0.161000
975.000000 1.000000 0.104298 37.000000 7.000000 0.161000
995.000000 3.000000 0.278238 11.000000 3.000000 0.161050
934.000000 3.000000 0.241123 26.000000 12.000000 0.161100
804.000000 7.000000 0.111223 33.000000 10.000000 0.161200
844.000000 6.000000 0.161365 2.000000 2.000000 0.161200
971.000000 1.000000 0.076351 11.000000 8.000000 0.161200
732.000000 4.000000 0.186925 46.000000 11.000000 0.161600
794.000000 4.000000 0.296965 43.000000 12.000000 0.161800
855.000000 2.000000 0.162559 7.000000 8.000000 0.161800
830.000000 2.000000 0.130007 8.000000 10.000000 0.161800
751.000000 3.000000 0.247482 12.000000 4.000000 0.161900
974.000000 1.000000 0.130345 14.000000 8.000000 0.162000
665.000000 3.000000 0.256045 42.000000 8.000000 0.162050
803.000000 4.000000 0.365292 39.000000 11.000000 0.162200
849.000000 6.000000 0.066431 21.000000 12.000000 0.162200
658.000000 3.000000 0.157037 38.000000 8.000000 0.162250
691.000000 4.000000 0.014245 25.000000 5.000000 0.162350
920.000000 5.000000 0.036962 28.000000 15.000000 0.162350
708.000000 7.000000 0.026485 23.000000 8.000000 0.162450
865.000000 7.000000 0.092098 3.000000 2.000000 0.162450
770.000000 5.000000 0.098729 15.000000 11.000000 0.162550
684.000000 4.000000 0.014843 19.000000 7.000000 0.162550
783.000000 7.000000 0.085136 33.000000 10.000000 0.162650
727.000000 6.000000 0.257333 47.000000 12.000000 0.162650
790.000000 4.000000 0.192728 47.000000 14.000000 0.162750
983.000000 4.000000 0.064576 46.000000 11.000000 0.162950
971.000000 3.000000 0.376554 4.000000 7.000000 0.163000
729.000000 2.000000 0.129416 50.000000 8.000000 0.163100
867.000000 3.000000 0.200118 38.000000 12.000000 0.163100
928.000000 7.000000 0.046631 47.000000 12.000000 0.163100
674.000000 3.000000 0.075481 23.000000 4.000000 0.163150
725.000000 6.000000 0.179843 5.000000 13.000000 0.163200
801.000000 5.000000 0.371814 43.000000 11.000000 0.163200
727.000000 4.000000 0.114000 3.000000 11.000000 0.163550
943.000000 1.000000 0.132489 25.000000 12.000000 0.163650
709.000000 4.000000 0.202422 31.000000 6.000000 0.163950
756.000000 3.000000 0.294478 20.000000 10.000000 0.164150
696.000000 4.000000 0.005457 26.000000 7.000000 0.164250
928.000000 2.000000 0.190753 51.000000 9.000000 0.164500
757.000000 6.000000 0.241848 37.000000 12.000000 0.164900
728.000000 6.000000 0.284707 49.000000 12.000000 0.164950
664.000000 3.000000 0.099719 19.000000 13.000000 0.165150
832.000000 6.000000 0.026198 31.000000 15.000000 0.165150
832.000000 8.000000 0.017598 24.000000 13.000000 0.165250
674.000000 5.000000 0.033646 13.000000 8.000000 0.165350
961.000000 1.000000 0.177192 13.000000 12.000000 0.165500
966.000000 7.000000 0.020910 50.000000 15.000000 0.165700
664.000000 6.000000 0.089094 18.000000 6.000000 0.165700
852.000000 2.000000 0.197614 24.000000 14.000000 0.165750
689.000000 5.000000 0.188038 21.000000 14.000000 0.165750
636.000000 7.000000 0.027324 14.000000 5.000000 0.165800
819.000000 3.000000 0.183592 22.000000 15.000000 0.165850
978.000000 2.000000 0.256001 7.000000 3.000000 0.165950
849.000000 10.000000 0.070854 14.000000 1.000000 0.166200
977.000000 2.000000 0.256559 2.000000 2.000000 0.166500
878.000000 2.000000 0.183347 12.000000 12.000000 0.166600
633.000000 7.000000 0.284667 15.000000 5.000000 0.166700
842.000000 6.000000 0.086169 56.000000 1.000000 0.166800
748.000000 3.000000 0.140017 38.000000 15.000000 0.166850
802.000000 2.000000 0.262978 39.000000 11.000000 0.167100
642.000000 6.000000 0.010485 11.000000 7.000000 0.167250
622.000000 5.000000 0.173003 35.000000 14.000000 0.167500
665.000000 4.000000 0.053993 3.000000 13.000000 0.167550
637.000000 5.000000 0.085032 3.000000 12.000000 0.167850
586.000000 7.000000 0.017730 27.000000 5.000000 0.168000
861.000000 1.000000 0.232441 10.000000 6.000000 0.168350
569.000000 6.000000 0.155593 34.000000 6.000000 0.168500
544.000000 5.000000 0.168309 45.000000 4.000000 0.168650
853.000000 1.000000 0.168420 14.000000 6.000000 0.168950
643.000000 7.000000 0.007530 21.000000 13.000000 0.169250
572.000000 4.000000 0.171844 26.000000 12.000000 0.169400
506.000000 6.000000 0.085366 10.000000 9.000000 0.169500
543.000000 7.000000 0.185262 34.000000 10.000000 0.170250
539.000000 7.000000 0.148800 3.000000 14.000000 0.170500
834.000000 6.000000 0.129315 12.000000 1.000000 0.170850
471.000000 5.000000 0.083805 30.000000 8.000000 0.171100
701.000000 6.000000 0.261272 32.000000 12.000000 0.171150
539.000000 2.000000 0.219228 2.000000 4.000000 0.171300
551.000000 6.000000 0.088934 24.000000 7.000000 0.171400
756.000000 1.000000 0.194577 28.000000 7.000000 0.171600
471.000000 6.000000 0.002878 5.000000 9.000000 0.171700
479.000000 7.000000 0.007461 4.000000 11.000000 0.171950
735.000000 2.000000 0.269131 32.000000 14.000000 0.172250
823.000000 2.000000 0.336422 21.000000 16.000000 0.172500
526.000000 5.000000 0.276536 9.000000 8.000000 0.172550
479.000000 4.000000 0.196985 33.000000 5.000000 0.172800
526.000000 2.000000 0.082221 44.000000 14.000000 0.173050
582.000000 1.000000 0.105562 24.000000 8.000000 0.173250
712.000000 1.000000 0.163611 12.000000 13.000000 0.173300
526.000000 5.000000 0.178817 37.000000 6.000000 0.173300
559.000000 3.000000 0.077107 29.000000 12.000000 0.173650
532.000000 6.000000 0.091451 32.000000 8.000000 0.173750
684.000000 1.000000 0.221707 50.000000 10.000000 0.174050
554.000000 1.000000 0.146659 14.000000 7.000000 0.174150
467.000000 7.000000 0.018985 14.000000 5.000000 0.174650
451.000000 4.000000 0.274411 42.000000 9.000000 0.174950
500.000000 1.000000 0.022796 4.000000 11.000000 0.175100
458.000000 6.000000 0.158352 14.000000 8.000000 0.175150
592.000000 1.000000 0.157550 16.000000 11.000000 0.175200
508.000000 3.000000 0.070254 41.000000 13.000000 0.175350
434.000000 4.000000 0.096840 34.000000 6.000000 0.175550
452.000000 2.000000 0.108405 11.000000 7.000000 0.175700
417.000000 6.000000 0.093741 29.000000 6.000000 0.176750
478.000000 3.000000 0.133317 41.000000 13.000000 0.176850
525.000000 1.000000 0.104039 11.000000 6.000000 0.177350
502.000000 5.000000 0.012234 22.000000 14.000000 0.177800
615.000000 1.000000 0.252825 40.000000 7.000000 0.177900
419.000000 3.000000 0.228145 28.000000 7.000000 0.178450
462.000000 5.000000 0.081112 44.000000 15.000000 0.179000
437.000000 2.000000 0.176431 39.000000 12.000000 0.179350
490.000000 1.000000 0.197473 28.000000 5.000000 0.179450
442.000000 7.000000 0.136406 30.000000 12.000000 0.180300
341.000000 6.000000 0.161453 29.000000 4.000000 0.181800
403.000000 6.000000 0.022595 17.000000 8.000000 0.181900
411.000000 3.000000 0.222676 33.000000 7.000000 0.181950
422.000000 6.000000 0.287357 4.000000 10.000000 0.182550
453.000000 1.000000 0.206183 43.000000 11.000000 0.182900
408.000000 5.000000 0.040856 20.000000 12.000000 0.183100
352.000000 4.000000 0.257406 35.000000 7.000000 0.183200
962.000000 4.000000 0.346419 10.000000 1.000000 0.183350
330.000000 4.000000 0.261365 28.000000 8.000000 0.183450
343.000000 3.000000 0.209904 22.000000 7.000000 0.183500
338.000000 4.000000 0.255734 45.000000 13.000000 0.183700
410.000000 4.000000 0.086578 41.000000 12.000000 0.183750
396.000000 1.000000 0.048630 50.000000 13.000000 0.183950
542.000000 1.000000 0.294032 38.000000 4.000000 0.184100
349.000000 6.000000 0.065511 7.000000 12.000000 0.184500
333.000000 2.000000 0.049763 11.000000 11.000000 0.184850
349.000000 3.000000 0.030018 29.000000 14.000000 0.184900
320.000000 2.000000 0.093350 4.000000 6.000000 0.185000
305.000000 5.000000 0.030884 5.000000 12.000000 0.185350
412.000000 5.000000 0.299853 5.000000 12.000000 0.185350
366.000000 4.000000 0.075113 27.000000 15.000000 0.185500
311.000000 7.000000 0.199611 22.000000 12.000000 0.185550
313.000000 7.000000 0.294236 40.000000 15.000000 0.186400
372.000000 1.000000 0.243797 7.000000 5.000000 0.186500
320.000000 5.000000 0.142785 18.000000 14.000000 0.186900
288.000000 6.000000 0.029678 26.000000 4.000000 0.186950
320.000000 4.000000 0.026670 38.000000 4.000000 0.187150
285.000000 1.000000 0.065417 32.000000 9.000000 0.188100
284.000000 3.000000 0.130798 50.000000 14.000000 0.188600
269.000000 5.000000 0.089471 50.000000 8.000000 0.188750
294.000000 5.000000 0.297959 19.000000 6.000000 0.189000
284.000000 3.000000 0.180878 27.000000 12.000000 0.189400
408.000000 1.000000 0.258369 6.000000 14.000000 0.189600
383.000000 1.000000 0.278255 25.000000 13.000000 0.190050
262.000000 4.000000 0.091907 4.000000 6.000000 0.190600
315.000000 1.000000 0.279970 40.000000 11.000000 0.190700
242.000000 5.000000 0.157716 44.000000 15.000000 0.190800
278.000000 3.000000 0.291146 47.000000 11.000000 0.190850
298.000000 2.000000 0.223857 46.000000 5.000000 0.191500
261.000000 4.000000 0.045869 27.000000 15.000000 0.191700
257.000000 5.000000 0.026491 40.000000 12.000000 0.191750
257.000000 5.000000 0.044248 27.000000 11.000000 0.191750
252.000000 5.000000 0.174835 14.000000 10.000000 0.192350
288.000000 2.000000 0.263155 16.000000 15.000000 0.192500
258.000000 5.000000 0.221941 15.000000 13.000000 0.193000
228.000000 2.000000 0.025714 17.000000 12.000000 0.193050
295.000000 1.000000 0.056581 16.000000 4.000000 0.193850
239.000000 3.000000 0.022204 26.000000 12.000000 0.193900
251.000000 6.000000 0.069346 38.000000 11.000000 0.196000
234.000000 2.000000 0.295596 10.000000 11.000000 0.196900
986.000000 2.000000 0.343797 4.000000 1.000000 0.197500
215.000000 7.000000 0.298141 10.000000 14.000000 0.199700
987.000000 2.000000 0.341261 2.000000 4.000000 0.229600
984.000000 1.000000 0.262504 2.000000 4.000000 0.239850
