h n1 d n2 err
942.000000 10.000000 0.682097 51.000000 0.151850
884.000000 14.000000 0.697556 51.000000 0.152200
926.000000 13.000000 0.660399 21.000000 0.153150
918.000000 7.000000 0.727996 63.000000 0.153450
958.000000 8.000000 0.557559 40.000000 0.153650
877.000000 12.000000 0.753040 44.000000 0.153850
939.000000 12.000000 0.585976 13.000000 0.153950
936.000000 7.000000 0.593639 33.000000 0.154000
968.000000 15.000000 0.576940 11.000000 0.154450
861.000000 13.000000 0.749842 62.000000 0.154500
881.000000 10.000000 0.695551 75.000000 0.154550
944.000000 8.000000 0.409822 57.000000 0.154850
921.000000 6.000000 0.481069 31.000000 0.154850
917.000000 7.000000 0.547806 47.000000 0.154900
938.000000 8.000000 0.668389 46.000000 0.155100
873.000000 9.000000 0.589367 29.000000 0.155200
935.000000 6.000000 0.611968 62.000000 0.155300
861.000000 12.000000 0.682576 76.000000 0.155350
903.000000 12.000000 0.659633 36.000000 0.155400
834.000000 14.000000 0.786304 78.000000 0.155450
925.000000 5.000000 0.474064 50.000000 0.155500
856.000000 10.000000 0.580842 63.000000 0.155550
841.000000 9.000000 0.773733 35.000000 0.155550
874.000000 11.000000 0.707114 59.000000 0.155650
904.000000 5.000000 0.420655 64.000000 0.155650
887.000000 10.000000 0.740278 100.000000 0.155850
874.000000 13.000000 0.699729 23.000000 0.155900
900.000000 13.000000 0.778079 10.000000 0.155900
890.000000 9.000000 0.702281 19.000000 0.155950
909.000000 11.000000 0.612189 52.000000 0.156050
891.000000 11.000000 0.646836 24.000000 0.156200
944.000000 6.000000 0.622442 77.000000 0.156200
980.000000 5.000000 0.591360 82.000000 0.156250
961.000000 6.000000 0.569329 41.000000 0.156250
943.000000 10.000000 0.594187 32.000000 0.156250
942.000000 12.000000 0.545193 27.000000 0.156400
936.000000 10.000000 0.528802 42.000000 0.156500
830.000000 11.000000 0.660943 48.000000 0.156650
859.000000 10.000000 0.694060 30.000000 0.156700
863.000000 6.000000 0.603716 28.000000 0.156750
853.000000 11.000000 0.735480 79.000000 0.156750
932.000000 8.000000 0.459177 38.000000 0.156800
903.000000 6.000000 0.573837 82.000000 0.156800
942.000000 7.000000 0.528954 72.000000 0.156800
899.000000 11.000000 0.557461 35.000000 0.156800
866.000000 15.000000 0.666833 23.000000 0.156850
908.000000 7.000000 0.433198 50.000000 0.156850
888.000000 8.000000 0.652445 57.000000 0.156950
886.000000 6.000000 0.645835 69.000000 0.157100
826.000000 9.000000 0.635437 44.000000 0.157200
896.000000 8.000000 0.598198 71.000000 0.157200
900.000000 8.000000 0.437542 25.000000 0.157200
922.000000 14.000000 0.578172 34.000000 0.157250
878.000000 13.000000 0.588118 12.000000 0.157300
858.000000 9.000000 0.793832 66.000000 0.157300
891.000000 9.000000 0.536307 46.000000 0.157350
863.000000 12.000000 0.522621 44.000000 0.157350
912.000000 10.000000 0.448749 37.000000 0.157350
887.000000 10.000000 0.594770 75.000000 0.157400
824.000000 10.000000 0.733100 70.000000 0.157400
873.000000 8.000000 0.519905 54.000000 0.157400
870.000000 6.000000 0.457048 43.000000 0.157450
900.000000 12.000000 0.489781 31.000000 0.157450
829.000000 7.000000 0.559528 57.000000 0.157450
872.000000 13.000000 0.551039 29.000000 0.157450
933.000000 8.000000 0.594024 59.000000 0.157550
865.000000 9.000000 0.485742 34.000000 0.157550
898.000000 7.000000 0.490989 65.000000 0.157650
920.000000 9.000000 0.543562 25.000000 0.157650
886.000000 9.000000 0.694972 42.000000 0.157700
912.000000 10.000000 0.713287 61.000000 0.157700
883.000000 7.000000 0.527611 34.000000 0.157800
796.000000 8.000000 0.638389 35.000000 0.157800
838.000000 14.000000 0.699474 17.000000 0.157850
785.000000 9.000000 0.579887 29.000000 0.157900
892.000000 8.000000 0.417215 73.000000 0.157900
828.000000 12.000000 0.567179 59.000000 0.157950
844.000000 12.000000 0.774574 91.000000 0.158000
867.000000 10.000000 0.638512 51.000000 0.158000
877.000000 7.000000 0.803110 34.000000 0.158050
865.000000 11.000000 0.571429 19.000000 0.158050
801.000000 14.000000 0.689164 63.000000 0.158100
920.000000 6.000000 0.720819 49.000000 0.158100
837.000000 13.000000 0.620693 29.000000 0.158150
914.000000 9.000000 0.611211 44.000000 0.158150
839.000000 3.000000 0.364219 45.000000 0.158250
837.000000 9.000000 0.665693 60.000000 0.158250
883.000000 9.000000 0.618945 88.000000 0.158250
813.000000 11.000000 0.690152 33.000000 0.158300
834.000000 9.000000 0.626675 19.000000 0.158400
847.000000 8.000000 0.618448 73.000000 0.158450
973.000000 5.000000 0.560072 29.000000 0.158650
936.000000 7.000000 0.778489 81.000000 0.158650
926.000000 8.000000 0.669260 85.000000 0.158650
817.000000 11.000000 0.665404 77.000000 0.158650
785.000000 12.000000 0.730501 62.000000 0.158700
773.000000 9.000000 0.707512 67.000000 0.158750
891.000000 10.000000 0.468311 16.000000 0.158800
811.000000 6.000000 0.481814 37.000000 0.158850
891.000000 5.000000 0.478659 77.000000 0.158950
850.000000 13.000000 0.624561 50.000000 0.158950
801.000000 11.000000 0.575333 41.000000 0.158950
820.000000 10.000000 0.535806 18.000000 0.159000
799.000000 10.000000 0.667912 60.000000 0.159000
798.000000 15.000000 0.669545 19.000000 0.159050
760.000000 11.000000 0.500895 44.000000 0.159050
855.000000 6.000000 0.456668 69.000000 0.159150
869.000000 12.000000 0.443102 66.000000 0.159200
820.000000 14.000000 0.576470 17.000000 0.159200
880.000000 9.000000 0.502333 83.000000 0.159250
853.000000 8.000000 0.518927 67.000000 0.159250
921.000000 4.000000 0.328371 64.000000 0.159350
824.000000 10.000000 0.717018 89.000000 0.159350
875.000000 8.000000 0.616329 40.000000 0.159350
836.000000 7.000000 0.606061 39.000000 0.159350
816.000000 15.000000 0.839611 90.000000 0.159400
864.000000 8.000000 0.408484 39.000000 0.159400
842.000000 7.000000 0.654431 54.000000 0.159400
866.000000 5.000000 0.544763 42.000000 0.159400
856.000000 12.000000 0.485351 21.000000 0.159400
936.000000 11.000000 0.409919 26.000000 0.159400
877.000000 6.000000 0.726377 88.000000 0.159450
769.000000 11.000000 0.770678 43.000000 0.159550
930.000000 7.000000 0.323683 22.000000 0.159600
804.000000 9.000000 0.745031 53.000000 0.159650
873.000000 8.000000 0.730825 74.000000 0.159650
870.000000 7.000000 0.481294 21.000000 0.159700
786.000000 6.000000 0.612365 69.000000 0.159700
785.000000 11.000000 0.579664 23.000000 0.159700
795.000000 12.000000 0.754238 79.000000 0.159750
826.000000 12.000000 0.790319 50.000000 0.159750
824.000000 10.000000 0.507621 32.000000 0.159750
820.000000 12.000000 0.523937 27.000000 0.159750
804.000000 8.000000 0.460012 34.000000 0.159800
909.000000 10.000000 0.491959 61.000000 0.159850
750.000000 9.000000 0.594191 59.000000 0.159850
794.000000 12.000000 0.640964 11.000000 0.159900
875.000000 6.000000 0.588225 54.000000 0.159900
858.000000 7.000000 0.533931 82.000000 0.159900
898.000000 3.000000 0.516622 41.000000 0.159950
862.000000 8.000000 0.715512 91.000000 0.159950
849.000000 5.000000 0.349210 76.000000 0.159950
729.000000 11.000000 0.633087 65.000000 0.159950
773.000000 14.000000 0.631763 38.000000 0.160000
841.000000 8.000000 0.532565 42.000000 0.160000
719.000000 14.000000 0.734468 49.000000 0.160000
858.000000 14.000000 0.469923 25.000000 0.160000
924.000000 13.000000 0.519898 18.000000 0.160050
780.000000 12.000000 0.629138 64.000000 0.160050
877.000000 10.000000 0.467862 45.000000 0.160050
850.000000 11.000000 0.610667 36.000000 0.160100
760.000000 12.000000 0.666028 32.000000 0.160100
797.000000 13.000000 0.696159 44.000000 0.160150
881.000000 5.000000 0.736560 66.000000 0.160200
828.000000 10.000000 0.525477 49.000000 0.160200
910.000000 9.000000 0.314964 40.000000 0.160200
808.000000 4.000000 0.538484 38.000000 0.160250
764.000000 11.000000 0.680509 74.000000 0.160250
791.000000 8.000000 0.558034 48.000000 0.160250
922.000000 10.000000 0.396681 53.000000 0.160300
834.000000 12.000000 0.668894 63.000000 0.160300
805.000000 6.000000 0.432477 83.000000 0.160350
860.000000 9.000000 0.742506 54.000000 0.160350
742.000000 13.000000 0.774340 77.000000 0.160400
818.000000 8.000000 0.764132 77.000000 0.160400
839.000000 13.000000 0.712169 33.000000 0.160400
796.000000 7.000000 0.543479 32.000000 0.160400
807.000000 6.000000 0.575615 45.000000 0.160450
916.000000 8.000000 0.226424 32.000000 0.160450
891.000000 8.000000 0.320097 55.000000 0.160450
836.000000 5.000000 0.576861 70.000000 0.160450
813.000000 13.000000 0.575157 42.000000 0.160450
821.000000 11.000000 0.574376 83.000000 0.160500
761.000000 11.000000 0.647120 45.000000 0.160500
731.000000 12.000000 0.746277 38.000000 0.160500
768.000000 9.000000 0.669846 87.000000 0.160550
757.000000 7.000000 0.498269 18.000000 0.160550
785.000000 8.000000 0.640349 57.000000 0.160550
762.000000 8.000000 0.482837 32.000000 0.160550
873.000000 7.000000 0.287508 41.000000 0.160600
747.000000 13.000000 0.654790 56.000000 0.160600
921.000000 5.000000 0.607580 47.000000 0.160600
815.000000 6.000000 0.494171 67.000000 0.160600
867.000000 10.000000 0.403059 32.000000 0.160650
789.000000 6.000000 0.465490 53.000000 0.160650
893.000000 5.000000 0.405343 89.000000 0.160700
762.000000 13.000000 0.746323 23.000000 0.160700
829.000000 7.000000 0.449798 55.000000 0.160700
808.000000 10.000000 0.555766 63.000000 0.160700
776.000000 4.000000 0.340652 62.000000 0.160750
898.000000 6.000000 0.359734 36.000000 0.160750
878.000000 6.000000 0.366554 59.000000 0.160800
780.000000 13.000000 0.514497 14.000000 0.160800
865.000000 9.000000 0.439475 56.000000 0.160850
935.000000 6.000000 0.397785 72.000000 0.160850
832.000000 8.000000 0.679277 27.000000 0.160850
713.000000 12.000000 0.679835 26.000000 0.160850
865.000000 7.000000 0.731755 47.000000 0.160850
685.000000 14.000000 0.707362 22.000000 0.160900
751.000000 8.000000 0.689685 19.000000 0.160900
806.000000 9.000000 0.622257 74.000000 0.160900
808.000000 8.000000 0.522750 71.000000 0.160950
756.000000 9.000000 0.680801 45.000000 0.160950
858.000000 4.000000 0.456572 61.000000 0.160950
864.000000 8.000000 0.859752 75.000000 0.161000
783.000000 9.000000 0.816130 88.000000 0.161050
805.000000 5.000000 0.421690 51.000000 0.161100
887.000000 4.000000 0.542558 70.000000 0.161100
946.000000 10.000000 0.388591 24.000000 0.161150
873.000000 9.000000 0.333335 20.000000 0.161150
822.000000 7.000000 0.517557 23.000000 0.161150
841.000000 10.000000 0.431145 42.000000 0.161150
824.000000 12.000000 0.526838 30.000000 0.161150
842.000000 7.000000 0.752417 61.000000 0.161200
839.000000 12.000000 0.680509 67.000000 0.161250
782.000000 9.000000 0.682327 31.000000 0.161250
768.000000 10.000000 0.559839 74.000000 0.161300
861.000000 11.000000 0.810396 67.000000 0.161350
780.000000 11.000000 0.605550 63.000000 0.161400
869.000000 12.000000 0.722155 22.000000 0.161400
864.000000 12.000000 0.387508 20.000000 0.161400
799.000000 5.000000 0.495644 65.000000 0.161450
741.000000 12.000000 0.752956 58.000000 0.161450
781.000000 8.000000 0.529921 57.000000 0.161450
783.000000 7.000000 0.696105 79.000000 0.161500
812.000000 12.000000 0.502944 32.000000 0.161500
771.000000 6.000000 0.449604 46.000000 0.161500
895.000000 6.000000 0.297754 71.000000 0.161550
795.000000 8.000000 0.481949 46.000000 0.161550
765.000000 9.000000 0.540718 47.000000 0.161600
748.000000 10.000000 0.613806 14.000000 0.161600
777.000000 7.000000 0.656456 36.000000 0.161600
836.000000 5.000000 0.395776 36.000000 0.161600
666.000000 10.000000 0.660246 63.000000 0.161650
813.000000 7.000000 0.756427 40.000000 0.161650
732.000000 6.000000 0.390516 41.000000 0.161650
740.000000 11.000000 0.711763 73.000000 0.161650
792.000000 8.000000 0.526755 66.000000 0.161700
729.000000 11.000000 0.596455 31.000000 0.161700
833.000000 9.000000 0.426378 21.000000 0.161700
820.000000 5.000000 0.407402 61.000000 0.161700
834.000000 8.000000 0.418153 76.000000 0.161750
806.000000 7.000000 0.498404 67.000000 0.161750
837.000000 7.000000 0.714197 66.000000 0.161750
848.000000 6.000000 0.477336 71.000000 0.161800
731.000000 9.000000 0.759664 74.000000 0.161800
678.000000 14.000000 0.818745 58.000000 0.161800
890.000000 3.000000 0.429782 74.000000 0.161850
819.000000 9.000000 0.760672 74.000000 0.161850
719.000000 13.000000 0.675232 70.000000 0.161850
846.000000 7.000000 0.638511 71.000000 0.161900
806.000000 6.000000 0.564828 51.000000 0.161900
830.000000 9.000000 0.423271 25.000000 0.161900
899.000000 6.000000 0.364505 31.000000 0.161950
713.000000 10.000000 0.623641 50.000000 0.161950
804.000000 8.000000 0.527875 70.000000 0.161950
873.000000 10.000000 0.792548 51.000000 0.162000
888.000000 9.000000 0.694231 61.000000 0.162050
763.000000 10.000000 0.809403 64.000000 0.162050
775.000000 7.000000 0.339163 50.000000 0.162100
741.000000 7.000000 0.587762 48.000000 0.162100
725.000000 9.000000 0.614604 75.000000 0.162100
878.000000 10.000000 0.821487 85.000000 0.162150
845.000000 11.000000 0.487707 22.000000 0.162150
721.000000 10.000000 0.644435 51.000000 0.162150
884.000000 7.000000 0.702245 37.000000 0.162200
788.000000 9.000000 0.502319 86.000000 0.162200
831.000000 10.000000 0.452649 67.000000 0.162200
825.000000 11.000000 0.507420 67.000000 0.162200
675.000000 9.000000 0.662625 79.000000 0.162250
754.000000 11.000000 0.660162 80.000000 0.162250
794.000000 9.000000 0.418594 25.000000 0.162250
800.000000 7.000000 0.498443 70.000000 0.162250
912.000000 7.000000 0.693761 67.000000 0.162300
816.000000 7.000000 0.408597 28.000000 0.162300
865.000000 11.000000 0.415103 49.000000 0.162350
792.000000 5.000000 0.346902 33.000000 0.162400
789.000000 13.000000 0.549223 48.000000 0.162400
881.000000 5.000000 0.536490 40.000000 0.162400
850.000000 12.000000 0.496326 22.000000 0.162450
736.000000 13.000000 0.531725 54.000000 0.162550
824.000000 7.000000 0.351245 44.000000 0.162550
791.000000 15.000000 0.795458 48.000000 0.162600
927.000000 5.000000 0.587605 61.000000 0.162600
788.000000 11.000000 0.500028 60.000000 0.162600
804.000000 7.000000 0.365773 40.000000 0.162600
888.000000 7.000000 0.307610 89.000000 0.162650
843.000000 4.000000 0.575741 60.000000 0.162650
836.000000 11.000000 0.653700 51.000000 0.162650
809.000000 9.000000 0.418806 42.000000 0.162650
825.000000 5.000000 0.237678 30.000000 0.162700
729.000000 10.000000 0.705212 59.000000 0.162700
791.000000 7.000000 0.462203 41.000000 0.162750
811.000000 8.000000 0.459432 39.000000 0.162750
809.000000 8.000000 0.530634 82.000000 0.162750
805.000000 12.000000 0.515514 26.000000 0.162750
829.000000 5.000000 0.402070 51.000000 0.162750
696.000000 11.000000 0.730649 46.000000 0.162800
939.000000 6.000000 0.339719 42.000000 0.162900
712.000000 10.000000 0.849842 91.000000 0.162900
862.000000 10.000000 0.450083 33.000000 0.162900
785.000000 9.000000 0.805243 39.000000 0.162900
742.000000 9.000000 0.614867 64.000000 0.162950
822.000000 7.000000 0.429415 58.000000 0.162950
691.000000 12.000000 0.742122 59.000000 0.162950
805.000000 10.000000 0.453424 42.000000 0.162950
863.000000 6.000000 0.682630 42.000000 0.163000
739.000000 12.000000 0.575510 28.000000 0.163000
741.000000 7.000000 0.610626 77.000000 0.163000
683.000000 12.000000 0.615313 86.000000 0.163000
779.000000 5.000000 0.518049 75.000000 0.163050
949.000000 7.000000 0.148136 23.000000 0.163050
872.000000 14.000000 0.404157 12.000000 0.163050
683.000000 13.000000 0.660692 40.000000 0.163100
723.000000 12.000000 0.769151 61.000000 0.163100
898.000000 10.000000 0.326004 37.000000 0.163100
793.000000 6.000000 0.385185 37.000000 0.163100
744.000000 8.000000 0.500679 64.000000 0.163150
850.000000 4.000000 0.500414 47.000000 0.163150
775.000000 6.000000 0.425851 65.000000 0.163200
711.000000 11.000000 0.579630 58.000000 0.163200
803.000000 10.000000 0.908111 68.000000 0.163250
723.000000 4.000000 0.195461 20.000000 0.163300
806.000000 6.000000 0.597349 32.000000 0.163300
909.000000 8.000000 0.323173 49.000000 0.163300
798.000000 6.000000 0.327608 72.000000 0.163350
795.000000 8.000000 0.409429 42.000000 0.163400
743.000000 8.000000 0.496035 58.000000 0.163450
788.000000 8.000000 0.548893 48.000000 0.163500
855.000000 6.000000 0.304782 20.000000 0.163600
715.000000 10.000000 0.652671 30.000000 0.163600
786.000000 5.000000 0.676229 43.000000 0.163600
901.000000 8.000000 0.812269 59.000000 0.163650
717.000000 10.000000 0.567277 79.000000 0.163650
720.000000 6.000000 0.611422 32.000000 0.163700
816.000000 12.000000 0.805230 18.000000 0.163700
852.000000 8.000000 0.322325 60.000000 0.163700
793.000000 8.000000 0.451573 47.000000 0.163700
841.000000 10.000000 0.423392 46.000000 0.163700
905.000000 7.000000 0.940123 98.000000 0.163750
925.000000 9.000000 0.267461 48.000000 0.163750
764.000000 11.000000 0.450061 59.000000 0.163750
746.000000 9.000000 0.594521 61.000000 0.163750
741.000000 14.000000 0.839276 92.000000 0.163800
919.000000 8.000000 0.270941 72.000000 0.163800
615.000000 13.000000 0.716259 42.000000 0.163850
810.000000 13.000000 0.794829 35.000000 0.163850
836.000000 7.000000 0.334715 70.000000 0.163850
750.000000 11.000000 0.787710 16.000000 0.163900
671.000000 12.000000 0.654213 66.000000 0.163900
756.000000 8.000000 0.389436 34.000000 0.163900
731.000000 5.000000 0.294540 28.000000 0.163950
840.000000 3.000000 0.555720 79.000000 0.163950
824.000000 6.000000 0.337461 44.000000 0.164000
941.000000 2.000000 0.327766 85.000000 0.164000
988.000000 6.000000 0.719624 56.000000 0.164000
859.000000 8.000000 0.397175 37.000000 0.164000
760.000000 7.000000 0.490561 55.000000 0.164000
755.000000 11.000000 0.462474 17.000000 0.164050
816.000000 12.000000 0.478899 27.000000 0.164050
825.000000 6.000000 0.561347 87.000000 0.164050
736.000000 8.000000 0.512219 31.000000 0.164100
729.000000 5.000000 0.507908 60.000000 0.164150
619.000000 14.000000 0.688718 71.000000 0.164200
817.000000 9.000000 0.442423 45.000000 0.164200
767.000000 14.000000 0.821399 4.000000 0.164250
878.000000 6.000000 0.209193 54.000000 0.164250
811.000000 7.000000 0.395446 24.000000 0.164250
724.000000 7.000000 0.368816 67.000000 0.164250
722.000000 9.000000 0.457787 12.000000 0.164250
822.000000 11.000000 0.532814 46.000000 0.164300
769.000000 6.000000 0.494027 58.000000 0.164300
751.000000 9.000000 0.589740 61.000000 0.164300
741.000000 8.000000 0.471219 61.000000 0.164350
792.000000 6.000000 0.440772 67.000000 0.164350
741.000000 9.000000 0.568693 61.000000 0.164350
750.000000 8.000000 0.444046 58.000000 0.164400
725.000000 9.000000 0.470442 31.000000 0.164400
698.000000 13.000000 0.629599 42.000000 0.164450
668.000000 5.000000 0.523745 18.000000 0.164450
698.000000 9.000000 0.601584 48.000000 0.164450
805.000000 4.000000 0.433310 83.000000 0.164500
775.000000 13.000000 0.409334 48.000000 0.164550
745.000000 8.000000 0.453727 33.000000 0.164550
685.000000 6.000000 0.514893 87.000000 0.164600
700.000000 8.000000 0.558878 32.000000 0.164600
771.000000 6.000000 0.476368 37.000000 0.164650
778.000000 9.000000 0.426542 34.000000 0.164650
837.000000 8.000000 0.392255 44.000000 0.164650
706.000000 10.000000 0.514734 44.000000 0.164650
929.000000 6.000000 0.107075 71.000000 0.164700
660.000000 13.000000 0.805878 81.000000 0.164700
744.000000 12.000000 0.799261 39.000000 0.164700
686.000000 11.000000 0.543062 38.000000 0.164700
824.000000 7.000000 0.307794 35.000000 0.164700
864.000000 10.000000 0.895914 39.000000 0.164750
887.000000 11.000000 0.343784 16.000000 0.164750
794.000000 6.000000 0.725022 81.000000 0.164800
815.000000 9.000000 0.433715 9.000000 0.164850
746.000000 7.000000 0.489798 52.000000 0.164850
755.000000 5.000000 0.691003 20.000000 0.164900
691.000000 7.000000 0.643254 58.000000 0.164900
797.000000 8.000000 0.459307 47.000000 0.164900
773.000000 7.000000 0.450766 49.000000 0.164900
698.000000 8.000000 0.497005 68.000000 0.164950
674.000000 11.000000 0.620633 9.000000 0.164950
769.000000 11.000000 0.877402 33.000000 0.165000
755.000000 13.000000 0.418184 2.000000 0.165000
663.000000 13.000000 0.514916 24.000000 0.165000
766.000000 10.000000 0.731968 63.000000 0.165050
758.000000 7.000000 0.445331 62.000000 0.165050
813.000000 7.000000 0.844698 91.000000 0.165100
907.000000 8.000000 0.204895 33.000000 0.165100
737.000000 6.000000 0.366474 24.000000 0.165200
768.000000 7.000000 0.672397 58.000000 0.165200
931.000000 5.000000 0.880123 44.000000 0.165200
732.000000 6.000000 0.377977 34.000000 0.165200
803.000000 9.000000 0.443605 50.000000 0.165200
885.000000 12.000000 0.841147 29.000000 0.165250
814.000000 2.000000 0.306075 86.000000 0.165250
787.000000 5.000000 0.207140 63.000000 0.165250
781.000000 6.000000 0.305628 32.000000 0.165300
831.000000 9.000000 0.300965 35.000000 0.165350
723.000000 9.000000 0.482816 24.000000 0.165350
741.000000 6.000000 0.313012 22.000000 0.165350
780.000000 9.000000 0.778699 35.000000 0.165500
715.000000 10.000000 0.578500 46.000000 0.165500
806.000000 10.000000 0.353810 52.000000 0.165550
716.000000 7.000000 0.382449 42.000000 0.165550
740.000000 6.000000 0.368532 25.000000 0.165550
750.000000 5.000000 0.400520 87.000000 0.165650
729.000000 8.000000 0.424786 34.000000 0.165650
749.000000 7.000000 0.461480 52.000000 0.165650
748.000000 10.000000 0.610008 32.000000 0.165650
938.000000 7.000000 0.155528 9.000000 0.165700
781.000000 4.000000 0.696325 56.000000 0.165700
795.000000 5.000000 0.836416 36.000000 0.165750
719.000000 7.000000 0.493443 41.000000 0.165750
799.000000 5.000000 0.234421 21.000000 0.165750
771.000000 9.000000 0.446679 57.000000 0.165800
791.000000 7.000000 0.467611 45.000000 0.165800
753.000000 7.000000 0.495848 54.000000 0.165800
665.000000 11.000000 0.404854 15.000000 0.165850
815.000000 5.000000 0.372710 67.000000 0.165900
683.000000 6.000000 0.761716 74.000000 0.165950
693.000000 11.000000 0.543001 60.000000 0.166000
717.000000 4.000000 0.374735 43.000000 0.166000
885.000000 12.000000 0.330209 38.000000 0.166000
885.000000 5.000000 0.652380 25.000000 0.166000
666.000000 15.000000 0.857424 36.000000 0.166000
926.000000 7.000000 0.246480 36.000000 0.166000
831.000000 8.000000 0.284045 60.000000 0.166050
796.000000 4.000000 0.381496 27.000000 0.166050
629.000000 10.000000 0.532540 77.000000 0.166100
614.000000 9.000000 0.508284 56.000000 0.166100
584.000000 10.000000 0.560584 20.000000 0.166100
763.000000 9.000000 0.329998 16.000000 0.166100
670.000000 8.000000 0.536095 6.000000 0.166150
730.000000 7.000000 0.796070 50.000000 0.166150
702.000000 3.000000 0.260748 90.000000 0.166200
649.000000 13.000000 0.799569 58.000000 0.166200
813.000000 10.000000 0.409891 72.000000 0.166200
649.000000 9.000000 0.598873 28.000000 0.166200
980.000000 7.000000 0.090034 23.000000 0.166250
699.000000 8.000000 0.335424 35.000000 0.166250
612.000000 10.000000 0.757750 79.000000 0.166250
639.000000 10.000000 0.606398 42.000000 0.166250
684.000000 9.000000 0.519398 26.000000 0.166300
722.000000 9.000000 0.605123 58.000000 0.166300
874.000000 9.000000 0.746413 57.000000 0.166300
713.000000 8.000000 0.550662 32.000000 0.166350
733.000000 6.000000 0.488346 77.000000 0.166400
728.000000 9.000000 0.736341 55.000000 0.166450
784.000000 11.000000 0.357473 36.000000 0.166500
792.000000 8.000000 0.277680 88.000000 0.166550
704.000000 8.000000 0.497848 48.000000 0.166550
733.000000 6.000000 0.336362 33.000000 0.166600
732.000000 10.000000 0.436150 48.000000 0.166600
649.000000 8.000000 0.562016 29.000000 0.166600
602.000000 7.000000 0.585597 69.000000 0.166650
818.000000 7.000000 0.314969 36.000000 0.166650
880.000000 11.000000 0.145471 38.000000 0.166700
684.000000 8.000000 0.744601 30.000000 0.166700
715.000000 10.000000 0.454433 48.000000 0.166750
821.000000 7.000000 0.420616 60.000000 0.166750
747.000000 13.000000 0.482321 74.000000 0.166800
645.000000 7.000000 0.630572 88.000000 0.166800
742.000000 10.000000 0.428756 68.000000 0.166800
776.000000 7.000000 0.008672 9.000000 0.166850
738.000000 5.000000 0.341872 29.000000 0.166850
719.000000 8.000000 0.421970 87.000000 0.166900
816.000000 11.000000 0.247920 17.000000 0.166900
813.000000 7.000000 0.615073 25.000000 0.166900
773.000000 6.000000 0.296281 31.000000 0.166950
740.000000 6.000000 0.360343 30.000000 0.166950
746.000000 5.000000 0.426192 29.000000 0.166950
718.000000 5.000000 0.479429 27.000000 0.166950
567.000000 15.000000 0.825581 91.000000 0.167000
620.000000 7.000000 0.591305 32.000000 0.167000
698.000000 8.000000 0.606123 51.000000 0.167050
703.000000 7.000000 0.411122 49.000000 0.167050
860.000000 10.000000 0.297530 66.000000 0.167100
681.000000 4.000000 0.542603 37.000000 0.167100
707.000000 5.000000 0.342507 19.000000 0.167100
721.000000 9.000000 0.592391 50.000000 0.167100
797.000000 8.000000 0.198745 21.000000 0.167200
782.000000 10.000000 0.776840 65.000000 0.167200
649.000000 6.000000 0.436742 51.000000 0.167250
825.000000 4.000000 0.070168 74.000000 0.167250
711.000000 9.000000 0.430530 48.000000 0.167250
753.000000 4.000000 0.827716 91.000000 0.167300
738.000000 7.000000 0.330969 25.000000 0.167300
859.000000 5.000000 0.678702 93.000000 0.167400
739.000000 6.000000 0.517239 60.000000 0.167400
829.000000 6.000000 0.695572 44.000000 0.167450
746.000000 6.000000 0.281025 25.000000 0.167500
894.000000 9.000000 0.219874 18.000000 0.167600
709.000000 4.000000 0.419850 63.000000 0.167600
844.000000 5.000000 0.219745 77.000000 0.167650
719.000000 4.000000 0.585768 92.000000 0.167700
581.000000 11.000000 0.422687 12.000000 0.167700
842.000000 6.000000 0.203398 75.000000 0.167700
689.000000 6.000000 0.777130 95.000000 0.167750
805.000000 5.000000 0.231060 33.000000 0.167750
674.000000 12.000000 0.534248 47.000000 0.167800
653.000000 9.000000 0.335504 77.000000 0.167850
683.000000 8.000000 0.497726 70.000000 0.167850
719.000000 11.000000 0.414660 30.000000 0.167850
707.000000 5.000000 0.395800 22.000000 0.167850
804.000000 7.000000 0.216882 21.000000 0.167900
668.000000 7.000000 0.450036 53.000000 0.167900
718.000000 8.000000 0.449453 55.000000 0.167900
719.000000 7.000000 0.336373 14.000000 0.167950
765.000000 5.000000 0.206135 87.000000 0.167950
843.000000 5.000000 0.203949 75.000000 0.167950
796.000000 8.000000 0.571880 41.000000 0.167950
751.000000 3.000000 0.515853 57.000000 0.168000
724.000000 10.000000 0.361502 27.000000 0.168000
748.000000 10.000000 0.763486 57.000000 0.168050
731.000000 7.000000 0.363123 66.000000 0.168050
669.000000 6.000000 0.384976 74.000000 0.168050
873.000000 8.000000 0.860368 79.000000 0.168050
628.000000 5.000000 0.339709 33.000000 0.168100
816.000000 8.000000 0.189491 63.000000 0.168200
702.000000 5.000000 0.547091 74.000000 0.168200
648.000000 8.000000 0.536124 47.000000 0.168200
666.000000 3.000000 0.232082 49.000000 0.168300
754.000000 8.000000 0.751099 13.000000 0.168300
564.000000 11.000000 0.585870 50.000000 0.168350
735.000000 8.000000 0.479377 50.000000 0.168350
738.000000 10.000000 0.398277 69.000000 0.168400
837.000000 1.000000 0.246260 55.000000 0.168400
815.000000 6.000000 0.214206 45.000000 0.168400
588.000000 8.000000 0.397672 26.000000 0.168450
679.000000 8.000000 0.337816 55.000000 0.168450
737.000000 5.000000 0.556803 51.000000 0.168450
838.000000 3.000000 0.763641 75.000000 0.168550
618.000000 7.000000 0.753382 60.000000 0.168550
561.000000 12.000000 0.601724 89.000000 0.168600
816.000000 1.000000 0.479761 100.000000 0.168700
823.000000 9.000000 0.092438 8.000000 0.168700
753.000000 10.000000 0.377067 16.000000 0.168700
544.000000 7.000000 0.631446 93.000000 0.168750
634.000000 12.000000 0.516298 64.000000 0.168750
804.000000 8.000000 0.203217 22.000000 0.168750
766.000000 1.000000 0.157347 87.000000 0.168800
729.000000 13.000000 0.753886 77.000000 0.168850
886.000000 7.000000 0.117757 37.000000 0.168900
567.000000 14.000000 0.580865 15.000000 0.168900
614.000000 10.000000 0.653721 38.000000 0.168950
708.000000 11.000000 0.696977 39.000000 0.168950
792.000000 7.000000 0.196827 25.000000 0.169000
712.000000 8.000000 0.390742 60.000000 0.169050
718.000000 10.000000 0.361895 19.000000 0.169050
675.000000 8.000000 0.652672 67.000000 0.169050
603.000000 6.000000 0.791373 40.000000 0.169100
913.000000 1.000000 0.321928 32.000000 0.169100
624.000000 10.000000 0.456541 35.000000 0.169150
616.000000 5.000000 0.385593 97.000000 0.169150
899.000000 3.000000 0.724561 51.000000 0.169150
716.000000 11.000000 0.402365 29.000000 0.169150
712.000000 6.000000 0.175918 64.000000 0.169200
794.000000 7.000000 0.812803 69.000000 0.169250
797.000000 10.000000 0.763569 70.000000 0.169250
642.000000 11.000000 0.738142 17.000000 0.169300
786.000000 8.000000 0.154225 16.000000 0.169300
762.000000 8.000000 0.181190 22.000000 0.169400
779.000000 8.000000 0.187267 19.000000 0.169450
755.000000 8.000000 0.154503 45.000000 0.169500
544.000000 6.000000 0.524721 11.000000 0.169600
816.000000 8.000000 0.187633 45.000000 0.169600
533.000000 14.000000 0.639721 50.000000 0.169700
655.000000 12.000000 0.357782 30.000000 0.169700
711.000000 10.000000 0.648240 46.000000 0.169700
744.000000 3.000000 0.171235 60.000000 0.169750
691.000000 8.000000 0.337663 61.000000 0.169900
713.000000 12.000000 0.753288 61.000000 0.170000
801.000000 7.000000 0.141448 23.000000 0.170000
712.000000 9.000000 0.308319 58.000000 0.170000
788.000000 8.000000 0.159756 19.000000 0.170050
535.000000 7.000000 0.547426 43.000000 0.170100
678.000000 5.000000 0.592636 53.000000 0.170150
693.000000 2.000000 0.497354 74.000000 0.170200
756.000000 4.000000 0.660327 76.000000 0.170200
577.000000 13.000000 0.491128 35.000000 0.170250
823.000000 8.000000 0.262803 53.000000 0.170300
672.000000 4.000000 0.664435 56.000000 0.170300
730.000000 6.000000 0.274492 38.000000 0.170300
541.000000 4.000000 0.453947 40.000000 0.170350
543.000000 8.000000 0.663371 13.000000 0.170600
783.000000 5.000000 0.101639 50.000000 0.170700
740.000000 10.000000 0.244589 19.000000 0.170750
709.000000 9.000000 0.176903 17.000000 0.170750
704.000000 2.000000 0.030672 70.000000 0.170900
663.000000 8.000000 0.397746 50.000000 0.170900
884.000000 11.000000 0.087518 14.000000 0.170950
814.000000 10.000000 0.745082 66.000000 0.171000
730.000000 11.000000 0.277891 45.000000 0.171050
654.000000 10.000000 0.832274 45.000000 0.171150
974.000000 7.000000 0.045316 43.000000 0.171200
616.000000 3.000000 0.416684 53.000000 0.171200
516.000000 12.000000 0.805312 80.000000 0.171200
533.000000 14.000000 0.394075 23.000000 0.171250
752.000000 4.000000 0.660025 73.000000 0.171400
586.000000 12.000000 0.764114 61.000000 0.171500
566.000000 11.000000 0.603460 16.000000 0.171500
726.000000 6.000000 0.232169 43.000000 0.171550
729.000000 7.000000 0.193864 36.000000 0.171550
990.000000 11.000000 0.107506 44.000000 0.171600
559.000000 12.000000 0.829307 29.000000 0.171600
743.000000 4.000000 0.815491 62.000000 0.171700
603.000000 10.000000 0.440689 97.000000 0.171850
545.000000 15.000000 0.796137 25.000000 0.171950
645.000000 8.000000 0.900855 75.000000 0.172000
753.000000 2.000000 0.320783 70.000000 0.172050
516.000000 11.000000 0.849510 88.000000 0.172300
830.000000 11.000000 0.197971 20.000000 0.172300
862.000000 6.000000 0.780421 14.000000 0.172350
930.000000 5.000000 0.909141 11.000000 0.172400
521.000000 10.000000 0.651710 73.000000 0.172400
608.000000 10.000000 0.408152 59.000000 0.172800
607.000000 3.000000 0.522777 27.000000 0.172800
531.000000 5.000000 0.416532 79.000000 0.172800
745.000000 12.000000 0.222578 74.000000 0.173100
788.000000 9.000000 0.079116 85.000000 0.173100
722.000000 9.000000 0.194916 68.000000 0.173300
511.000000 3.000000 0.386452 9.000000 0.173350
731.000000 4.000000 0.583754 39.000000 0.173450
671.000000 5.000000 0.576043 76.000000 0.173450
556.000000 3.000000 0.526406 75.000000 0.173500
513.000000 11.000000 0.495648 47.000000 0.173500
656.000000 10.000000 0.138027 13.000000 0.173600
624.000000 7.000000 0.158007 78.000000 0.173650
654.000000 12.000000 0.287931 25.000000 0.173650
652.000000 7.000000 0.081275 48.000000 0.173700
902.000000 8.000000 0.876386 86.000000 0.173750
523.000000 12.000000 0.456440 72.000000 0.173900
493.000000 9.000000 0.408342 51.000000 0.173900
948.000000 3.000000 0.912891 97.000000 0.173950
646.000000 8.000000 0.267348 55.000000 0.173950
967.000000 12.000000 0.923162 2.000000 0.174000
848.000000 8.000000 0.867129 52.000000 0.174000
518.000000 9.000000 0.436561 74.000000 0.174100
609.000000 4.000000 0.852648 99.000000 0.174100
555.000000 11.000000 0.801533 59.000000 0.174100
870.000000 6.000000 0.925066 85.000000 0.174200
585.000000 14.000000 0.317978 55.000000 0.174200
867.000000 8.000000 0.872020 76.000000 0.174250
619.000000 11.000000 0.251626 45.000000 0.174300
562.000000 5.000000 0.683471 60.000000 0.174300
463.000000 7.000000 0.329715 33.000000 0.174400
872.000000 1.000000 0.476476 58.000000 0.174450
874.000000 11.000000 0.111024 59.000000 0.174650
493.000000 11.000000 0.595445 23.000000 0.174650
816.000000 9.000000 0.733544 56.000000 0.174750
735.000000 2.000000 0.372383 11.000000 0.174950
784.000000 5.000000 0.461370 7.000000 0.175000
656.000000 4.000000 0.066056 76.000000 0.175050
720.000000 15.000000 0.290017 31.000000 0.175100
850.000000 10.000000 0.769491 31.000000 0.175300
449.000000 14.000000 0.550678 8.000000 0.175400
475.000000 7.000000 0.546401 66.000000 0.175400
588.000000 2.000000 0.309784 77.000000 0.175500
744.000000 7.000000 0.089767 30.000000 0.175550
831.000000 5.000000 0.943392 13.000000 0.175850
769.000000 14.000000 0.776451 59.000000 0.176000
529.000000 5.000000 0.272089 52.000000 0.176050
980.000000 1.000000 0.591213 57.000000 0.176250
601.000000 3.000000 0.723842 83.000000 0.176450
530.000000 5.000000 0.174974 15.000000 0.176600
795.000000 8.000000 0.652374 36.000000 0.176650
724.000000 8.000000 0.770485 35.000000 0.176900
762.000000 2.000000 0.638382 26.000000 0.176950
983.000000 12.000000 0.034875 33.000000 0.177000
728.000000 10.000000 0.688773 79.000000 0.177100
715.000000 8.000000 0.814102 42.000000 0.177200
493.000000 12.000000 0.245765 38.000000 0.177450
750.000000 13.000000 0.771102 29.000000 0.177450
543.000000 13.000000 0.198376 14.000000 0.177700
485.000000 3.000000 0.654563 7.000000 0.177800
921.000000 3.000000 0.772764 7.000000 0.177900
771.000000 11.000000 0.829211 4.000000 0.178050
493.000000 7.000000 0.123109 42.000000 0.178100
731.000000 12.000000 0.141300 30.000000 0.178300
656.000000 14.000000 0.078676 30.000000 0.178350
960.000000 6.000000 0.960775 93.000000 0.178450
398.000000 13.000000 0.377486 98.000000 0.178600
648.000000 12.000000 0.760281 60.000000 0.178800
490.000000 15.000000 0.196487 1.000000 0.179100
445.000000 14.000000 0.857594 33.000000 0.179200
699.000000 15.000000 0.043498 4.000000 0.179250
577.000000 9.000000 0.165778 38.000000 0.179300
426.000000 7.000000 0.652956 18.000000 0.179350
400.000000 5.000000 0.477197 92.000000 0.179400
496.000000 7.000000 0.706139 52.000000 0.179400
464.000000 8.000000 0.156970 99.000000 0.179400
373.000000 6.000000 0.416231 51.000000 0.179550
440.000000 2.000000 0.120095 5.000000 0.179600
593.000000 11.000000 0.187804 71.000000 0.179650
724.000000 11.000000 0.073145 56.000000 0.179800
391.000000 13.000000 0.768703 4.000000 0.179850
463.000000 4.000000 0.187993 74.000000 0.179850
383.000000 10.000000 0.544782 52.000000 0.180000
690.000000 5.000000 0.779865 73.000000 0.180050
484.000000 9.000000 0.242231 92.000000 0.180250
887.000000 11.000000 0.015630 83.000000 0.180300
808.000000 4.000000 0.927982 53.000000 0.180450
479.000000 7.000000 0.088929 65.000000 0.180450
417.000000 8.000000 0.270442 38.000000 0.180500
505.000000 15.000000 0.802055 72.000000 0.180550
601.000000 12.000000 0.183751 47.000000 0.180600
469.000000 10.000000 0.751481 48.000000 0.180700
409.000000 3.000000 0.142112 51.000000 0.180750
432.000000 10.000000 0.600381 2.000000 0.180850
360.000000 11.000000 0.622215 93.000000 0.181050
429.000000 7.000000 0.237558 64.000000 0.181350
715.000000 1.000000 0.507236 98.000000 0.181400
482.000000 11.000000 0.316995 61.000000 0.181500
401.000000 4.000000 0.398173 69.000000 0.181500
506.000000 8.000000 0.220163 77.000000 0.181550
371.000000 11.000000 0.378423 9.000000 0.181600
694.000000 15.000000 0.960702 18.000000 0.181650
372.000000 9.000000 0.177530 22.000000 0.181800
404.000000 9.000000 0.482488 28.000000 0.181850
402.000000 6.000000 0.400965 16.000000 0.181950
678.000000 12.000000 0.061266 52.000000 0.182050
476.000000 12.000000 0.140166 17.000000 0.182250
331.000000 8.000000 0.536390 84.000000 0.182300
524.000000 10.000000 0.236500 88.000000 0.182400
838.000000 11.000000 0.802182 85.000000 0.182700
449.000000 9.000000 0.103064 61.000000 0.182800
392.000000 13.000000 0.428354 30.000000 0.182850
731.000000 11.000000 0.023615 99.000000 0.183150
532.000000 12.000000 0.182511 40.000000 0.183350
343.000000 11.000000 0.347725 76.000000 0.183550
500.000000 4.000000 0.728110 91.000000 0.183800
385.000000 3.000000 0.418278 40.000000 0.184000
387.000000 4.000000 0.567415 31.000000 0.184000
464.000000 6.000000 0.595854 64.000000 0.184000
625.000000 14.000000 0.044788 75.000000 0.184100
375.000000 13.000000 0.736943 35.000000 0.184200
710.000000 1.000000 0.523314 69.000000 0.184350
698.000000 7.000000 0.753796 32.000000 0.184750
542.000000 13.000000 0.049536 9.000000 0.185200
517.000000 15.000000 0.144517 66.000000 0.185250
388.000000 3.000000 0.566142 42.000000 0.185250
384.000000 5.000000 0.206781 22.000000 0.185300
333.000000 6.000000 0.438540 93.000000 0.185350
323.000000 4.000000 0.260505 94.000000 0.185350
314.000000 13.000000 0.541598 22.000000 0.185900
353.000000 2.000000 0.152715 85.000000 0.186250
470.000000 1.000000 0.532450 90.000000 0.186250
739.000000 6.000000 0.820722 50.000000 0.186750
402.000000 11.000000 0.047786 22.000000 0.186950
305.000000 9.000000 0.064844 73.000000 0.188500
348.000000 11.000000 0.198884 9.000000 0.188800
336.000000 5.000000 0.217407 36.000000 0.188850
465.000000 8.000000 0.910652 35.000000 0.189000
286.000000 8.000000 0.435988 35.000000 0.189150
379.000000 12.000000 0.220799 97.000000 0.189200
302.000000 15.000000 0.382332 1.000000 0.189350
396.000000 3.000000 0.685908 43.000000 0.189500
282.000000 7.000000 0.407791 63.000000 0.189800
572.000000 12.000000 0.749863 58.000000 0.190000
268.000000 10.000000 0.613490 70.000000 0.190700
478.000000 10.000000 0.671609 23.000000 0.190850
390.000000 1.000000 0.341090 84.000000 0.191200
836.000000 10.000000 0.739112 69.000000 0.191200
316.000000 14.000000 0.284261 54.000000 0.191450
373.000000 13.000000 0.062172 79.000000 0.191750
287.000000 6.000000 0.133662 59.000000 0.192300
277.000000 4.000000 0.077834 26.000000 0.192500
842.000000 12.000000 0.754118 22.000000 0.192800
894.000000 8.000000 0.780313 59.000000 0.193350
237.000000 9.000000 0.536664 97.000000 0.193550
348.000000 5.000000 0.886803 15.000000 0.193600
227.000000 12.000000 0.582896 33.000000 0.194250
315.000000 6.000000 0.923634 23.000000 0.194650
242.000000 4.000000 0.223180 10.000000 0.195550
757.000000 14.000000 0.805999 69.000000 0.195750
338.000000 1.000000 0.396083 94.000000 0.196450
605.000000 1.000000 0.718383 28.000000 0.196900
910.000000 7.000000 0.901365 47.000000 0.197400
214.000000 13.000000 0.603032 80.000000 0.197900
234.000000 4.000000 0.571604 69.000000 0.197900
220.000000 6.000000 0.489871 66.000000 0.198200
220.000000 9.000000 0.236824 44.000000 0.198700
259.000000 9.000000 0.006756 70.000000 0.199500
318.000000 5.000000 0.753602 58.000000 0.199700
216.000000 15.000000 0.319970 66.000000 0.200200
386.000000 2.000000 0.741857 32.000000 0.202150
454.000000 9.000000 0.899367 59.000000 0.202300
268.000000 10.000000 0.783555 12.000000 0.205100
235.000000 11.000000 0.826616 61.000000 0.205600
215.000000 13.000000 0.124507 73.000000 0.205650
292.000000 7.000000 0.936556 73.000000 0.206250
220.000000 10.000000 0.891057 78.000000 0.208700
453.000000 10.000000 0.806423 74.000000 0.209250
187.000000 4.000000 0.496935 59.000000 0.209300
397.000000 1.000000 0.762379 87.000000 0.209900
211.000000 6.000000 0.726010 33.000000 0.210000
187.000000 7.000000 0.258248 33.000000 0.211300
324.000000 1.000000 0.680781 35.000000 0.211400
156.000000 1.000000 0.046590 51.000000 0.217600
169.000000 13.000000 0.572429 2.000000 0.221900
143.000000 11.000000 0.078103 86.000000 0.221950
333.000000 7.000000 0.647893 34.000000 0.224200
148.000000 13.000000 0.768135 13.000000 0.224400
143.000000 11.000000 0.563960 13.000000 0.224450
138.000000 14.000000 0.343115 22.000000 0.225550
137.000000 3.000000 0.459067 32.000000 0.229100
169.000000 11.000000 0.760849 29.000000 0.232800
126.000000 6.000000 0.426461 58.000000 0.235450
162.000000 11.000000 0.956522 54.000000 0.240300
135.000000 1.000000 0.514047 64.000000 0.240500
117.000000 1.000000 0.074080 17.000000 0.244750
156.000000 12.000000 0.948692 57.000000 0.245000
115.000000 3.000000 0.320802 56.000000 0.248450
145.000000 4.000000 0.900281 99.000000 0.248700
109.000000 8.000000 0.260483 73.000000 0.254100
107.000000 2.000000 0.176359 50.000000 0.256950
108.000000 1.000000 0.850105 26.000000 0.276600
241.000000 2.000000 0.939678 4.000000 0.309950
313.000000 7.000000 0.986740 58.000000 0.467050
